6. INDEX SCRIPTORVM.

ΙΙ. 1110111 8031170371.

Eusobii chron. Ip. 14—16 Schoene Homeri Od. 1, 315 p. 182, 6
p 193, 755, Platonis Tim. p 6601). 172, 4
praepev. XI, 6, 4p. 5135 p 3οΒ p. 11210
p. 20³.⁸ p. 41 ABcp. 1155
555ρ555 551 5555
555 5555545·
5555555 555555555
p. 203,2

——m

Genea. Genea.
16ffm.mstwm966 .......... 55
66M·W66661m .......... ma
1, 3. 170, 21 51. 170, 4 16, 8 .......... 232, 7
1, 4 .......... 170, 22 15, 9 .......... 232, 8
1, 5 .......... 171, 2 15, 10 .......... 232, 10
1, 6. .17,1 451. 170, 4 15, 11 .......... 232, 12
1, 8 .......... 171, 5 17,10 .......... 666, 5
1, 6. ,.,171 651. 170, 7 17, 11 .......... 229, 7
1,11 .......... 171, 8 17,13. , ,51. 229,19
l, 14 .......... 171, 9 49,10.. ,211 12, 212, 3. 4
1,15.. ..51 170, 5, 6 Exo'd.

55 .......... ffln46 ..Ummmss
1, 66 .......... 172,15 4,23 .......... 176,16
l, 27 .......... 172, 20 5, 3 ..... · ..... 177,1
1, 28 .......... 173,1 6, 6 .......... 200,12
2, 7. ,51. 167, 10 7,16 .......... 177,4
5,5 55,55,5 .......... mn
2,17.. ...51 168, 5 12,15 .......... 221,13
5,5 .......... 5555 .......... 66
2, 21. 22, ,51 167, 11 20, 3. . 188,11. 163 186,5
5Η..ᾏᾏ.55554 .......... 66
3‚6M6 *66666666m666
5,5 .......... m,6 15555
3, 23.. ,,[169 2] 51. 167, 14 20, 7 .......... 188, 14
4³ .......... Μ,55,5..,ΗΗ555
m.mffmmuma66m.m66m6
4,6 .......... 5555 .......... 55
46..........2610 2014.. ,.,..188,7.17
4, 7. ,,227 12, 228, 6 20, 15 ........ 188, 7, 17
umq ........ 0M6166...ff.666
6, 2 .......... 215, 2 20, 17 .......... 188, 18
6,4 .......... 615,4 22,20.,,,. 21711

11, 4 .......... 181,16 22, 28 .......... 208, 5
11, 5 ,,,,,,,,,, 181,19 24, 28 .......... 234,19
11, 6 .......... 181, 20 115511,

11, 7 .......... 181, 23 7,10 .......... 218,10
11,8 .......... 186,1 6,64... 5.,1,227,1
16, 1 .......... 631, 6 11, 8. ,51. 220,14
15, 2 .......... 231, 6 16, 5 ,,,,,,,,,, 217,16
15, 4 .......... 231, 8 16, 6 .......... 217, 17
15, 5 .......... 281,10 16, 7 .......... 217, 18

Iulianus 06. Neuman n.n 16

 

