111. 11141111 1141111141. 243

Rom. '1. Cor.
3, 29 .......... 177,14 4,11 .......... 209,13
4,11.12. (4.1 228, 22 8, 7. 13 ..ef 206, 1
10,4,,...,.ζ,,221;19001,’.
14, 20 .......... 204,15 1, 16 ,,,,,,,,,, 224,12
, 1, 7‘.hessal
1001. - 4,13sqq.. . .ef.197,9,299,19
. 6,9 .......... 209,10 Hebr.
9,10 .......... 209, 11, 11, 14 ......... 1141

——-—

01100014 NOMlNVM.

Ἀαρών 100,13, 217,17. 21. 2,6,177,2 6,178,14, 184, 20, ’

44111111, 1111 1141. 4, 1111, 111, 1.8. 10,

Ἀβραάμ 144, 14, 111, 4, 114, 1. 4 111, 1, 111, 1, 141,11.14,141,
290, 9. 1,’11.’ 19, 111, 4 4. 4. 1.4.4,144,1,141,11, 141, 14,

, 13, 233,13. 17. 221,19.

Ἀγηείλαοε 194,16. Ἐζεκία( 214, 17.

Ἀδάμ 167,11, 168,10, 227, 7. Ἐλεάζαρ 190,12,

’Ἀθηνᾶ 170,14, 206,14. Ἓλληνε( 164, 7. 9. 14, 166,14,167,

Ἀἰακός 105, 2. 1. 8, 168, 4, 177,14,180,9, 103,

Αιγαι 1983 “ 8. 13, 194, 2. 78, 197, 12, 203, ·

Αἷγυπτο( 188,10, 193, 7, 194, 4, 4712, 216,18,19.

144, 19. Ἑλληνικός 190, 4, 11411, 11414. Ι

Αἰγύπτιοι 180,11; 193413, 197, 4, Ἑλληνίς 223, 9.
200, 12, 217, 2, 290, 1. ἐνυώ 144, 11.
Αἰθίοπες 186,17, Ἑρμῆ( 17914, 193, 6, 20611.
Αἰνεία( 195,19. Ἐπίδαυρος 197,19.
Ἀλέξανδροε 20210, Ἐεδραε 297, 21.
Ἀλωάδαι 182, 5. - Ἑεπέριοε 181, 2,
Ἀνάχαρειε 181, 1. Εὔα 168, 3.
Ἀπόλλων 20611, Εὐεέβιο( 203, 2.
Ἄρη( 179,13, 196, 8, 206, 12.
Ἀριετείδηε 114, 19. Ζεύς 141, 4, 114, 14, 1141, 12. 19,
Ἀρχίδαμος 114, 19. 199, 20, 199, 3. 4. 4, 111, 4. 10.
Ἀεκληπιόε 111, 14,144,14.11,141. 11, 144, 14, 141, 4.
Αεεύριοι 193,7; 291, 5. Ἠλέκτρα 195,12. >
Ατλαντίε 11411. Heli (Ἡλεί) 234, 6.
Ἠλία( 111, 14. 14, 111, 1, 111, 1,
Βαβυλών 194, 3. 234¹ 10,
Βεελφετώρ 190. 9· Ήωῑαε 114, 4, 1141.
3464414 199, ⁵· Ἥφαιετο( 144, 19.
Βηθεαιδά 199, 5.

Βῆλο( 193, 8· 4411( 194,19.

11444141 199, 2, 194,10. gfigggjgoff⁰353²m
Γερμανοί 180, 9, 184, 6, 18616. ’

Θεεβίτηε 227, 2.
Δ1114 141, 11, 111, 1. 14, 111, 1.
30990910195,12. 1Ἰακώβ 200,10, 208, 4, 212,16,

Δάρδανοι 144, 11. 14. 23961 234, 4. 6·

Διόνυεοε 167, 7, Ἱεροεόλυμα 233, 7.
Ἱερουεαλὴμ 219,12.

Εβραικό( 2079 ιΙεεεαί 212160), 213,.2
εβραῑοι 194, 9. 14,144,14,114·1η144111411,111,’1.4,114,4,

16*

 

